$ANSIBLE_VAULT;1.1;AES256
61313661386338313665323865353339633962366433353361646330626565363262663835323037
3762373563666236303632646538353262336432646330390a323162343931356338616438623363
65373535633432663430663431303630326364613562646539336466666666353436363737323434
3138383365653264630a656663376437346631316166323130623032396432643033643531646238
62373839646531313631306161373534663163313935636262363036633865663361663366656234
30623234323963353632353333343265303462386636383431653033316139356334353863623538
64383839643761393363663739616236633032653337656130363762666437303231316230363335
30626362393738636265663634653464626266636234386563626538386630353638313564643239
37633566346665326234613462326133316364306237356561626537326633636630393035653063
32383765363836303263643636353166633664626633643063373530323364663735333332383336
35366531653130303533326338376433313930616330633338396333363036653761633334613435
64386436393436373736373462373762303935663430333961396164646531656437393564346439
34636362383439363362316237353065363963353839626130393064656436313664
