$ANSIBLE_VAULT;1.1;AES256
64376161353834386636353133643530653061306136633636326461313332313462393765666639
3137386365623963393631383132623435363162343232650a333430303762643832373632393831
32643064383638313730336535376130376164363234393935343336323264363265316232356662
3637613565656430390a373830646436393835656633333663323034303265336437363733376336
61353939633061333334346365336362626364646439643831326633663635313964306365373339
33346161623634633438623430386437333535653862633161623261373364313665346635376439
34396631363237666431363632666262303264306437643830623861396636393136393361653435
39356331616432636162646630396435646335656237323961376136653066636261326530336334
38646539353561333538666437643761313035316539633733313962643764393030663837626433
38643065353631346661306532633039323537343837343734376534613866396266313131653335
34613231363061363331653066616465333963623932653366646265613333363737343862616530
39623030323132376537663135333737633433643261653430393963653038346132386262303461
33356465393938646163323234396130616134613365653138633936653534626436326438323939
30636266346230623164343634653038376137323533356636393334393832343132626363303362
30633565653136633863626231663737323665336464656532316231393766383236656466666165
39376365336234643839386130353561656437366563636165656234613739366361366266323432
34373861386433626337313937363538366333323039376262346664613235303133396564316632
32376434373937386131373139326639653536313833396536386530383633343830363631613264
37623130626436343138626465396636343463333766383035393139636338356233623865333336
37643537633166326638
