$ANSIBLE_VAULT;1.1;AES256
62326263343961623434393839626535353961316233383336613234613432326431316165643161
6464313138376663303131336137656661323039383331640a313239616665623961316164386532
65666538356639666235376639646530393463353032393163343737616432633533323433373034
3038343064383233380a313863303737363166386466633237666634333531626561376531383263
37333262366365356166323834626566316630343662316133326639343137326635613033313530
65386239366337393231363639333439343438353334376132373338623863383466346462363438
66313232653139333266613130353331313733626136343330376234383261366533303463663932
30396263323235383661313765626137656635356366663438643936373361643730623233346237
36376565316238316261396131313962353333613461346461613438373130373066316333636235
65656664356165343464616536363465383963333765386332306639303734633037383030616135
34303865373338663037626365396334323961383136366565323837393366373739666235373833
36393337343835326638363933393461373333656136383866346463343765383034313139366166
66633836626466386365363438323033653566663264623633353932313036313335376437323739
30356361653363386364313333643361353563333434636265366363306462643961643539366439
35653763373862323038326461323761333465626634346634363731623733373734333866613636
38386266646337616631613161636230333966383132353335363034643634366339373965356233
35313238343661613233346433646133326632393064653064396435313431396537333638393437
34623238383466353838653833373236646532653564393831326133666661316337366338336465
373338666362633866353866643766613938
