$ANSIBLE_VAULT;1.1;AES256
64346365663235633439643230613933656665633537393133393438366238613037346334303134
3639383565353930616564373334393764643036376165390a313532616234633336383730366338
62666132653036643737643361366562366639633934323034643862333335316362646439326164
3861663264313866350a353837393834646436353331333461393165353663313735653735613737
36636661633233303539306235383463623037313964356161393634363330346139366665333238
36393531356566393861323131346265396138313063313636323034373539313566353934663263
31343664636164333038373361316535363736663365313332663565653836306565643766343061
62356233636430373337383034353931393638646165366666326432323665633962353432313134
31346137393733316338343461346533646533643136316231353234313730646135653632363366
33393732396466363363373134643830666663383465613236303764306337396165646630663430
64663161336536643736623033656265333334616463336366643738303261656563663037623533
38346537366364316132393661316233373364366430323464626237623334643639666465633863
65333465383463333734616366353431333162376433613164353330313664633934353139373166
65396166363063343962343730656635616464353235653466653363643062353235343437393466
39613830303232393766656237393332343063643763643164633661333637353830656234653032
66353066343566366238633138386533666263313930373232353932643639356566346465376233
31396231653033363530663639663130653439373533326130613139623033646462363638373964
38623438393563386638633232383936623430633438616662343839373931393064376231323766
66633632666139643436356632343937316239346138346436366565623263636232306163623736
66656537646239633166663533623565623766623965343133336362303333373365346238326630
37666565613638333364623236306364633434616566653661633466363939356333663032333635
64393231666533386666663733623330646463383638323364333462663037356664323239656365
37323335333963303038656136613266383038383636663637393866373263316632643033663763
35333230383730636130323231623332303963616462343533343366323439633462363537616266
3061
