$ANSIBLE_VAULT;1.1;AES256
33613936323638643866623639366665623836376536393937333930333233613631313361393730
6161663665663039346365643835303138393462303566350a346436376531613766323832623837
37643533386339653530366161613836626531373436393561653164643163636631646165646637
3230303966306564610a653137343063363138613536356631353532386630373831303964306463
32303362663934316439623932306362356231303061343166386334643064616465303862633439
61313463326665376535383736623132356334366632653233303364613338326535306537663935
66333037393864306535393434353430643464653032383664393133333730626634343332663964
62613530333530666363383536333061333934383062353131616265353936376165383763353532
37643637613165383661346336666232313437356636663135393263383435366464373930626531
36656165306637343962346533633931653430323762326338373034393937393763353931626366
37383534376233663534386430366261336163373239636265313565636361643663383362376136
32343230613838326435353939356634623734613639353339623938343038363961663237666563
64393030633435393761323833336261333036636637346133386330363562663461
